3500864299
3571442976
3573198039
3576445596
3577016994
3579769612
3579878373
3581787135
3582903034
3582917593
3584508227
3584572742
3585275955
3596782321
3597116516
3598904602
3602632664
3605687844
3609296885
3614418446
3620302888
3621220779
3634146381
3645352674
3646122695
3646129215
3665177049
3665390390
3667212723
3668739867
3673074524
3675914199
3676243125
3677887333
3682945726
3683152596
3683834271
3689670333
3691803463
3699044663
3704951508
3706141756
3713476212
3715647631
3715671094
3719350389
3724272035
3725982733
3726357618
3726562989
3728056067
3728103830
3728502434
3728740612
3729181222
3729441104
3730205123
3730707805
3731678440
3733477350
3734210227
3737391859
3739417003
3742002771
3745519359
3747016439
3747017027
3748324620
3750230251
3752353082
3752419282
3752463882
3755042292
3755054595
3755816027
3756640940
3756641790
3757894768
3758960500
3759323075
3759745756
3759956030
3760633724
3760821768
3760851923
3761197212
3761956535
3762007971
3762012522
3762364893
3762685839
3762686393
3762748726
3762813278
3762816609
3762846982
3762851215
3762860601
3762926589
3762982934
3763052308
3763115739
3763129422
3763283971
3763310777
3763317296
3763331854
3763368206
3763393850
3763526535
3763529325
3763530387
3763530804
3763531584
3763537164
3763539364
3763548718
3763557951
3763590430
3763594706
3763692867
3763693812
3763807145
3763819520
3763839768
3763840359
3763840590
3763847253
3763855915
3763870513
3763874055
3763876963
3763897651
3763921671
3763976980
3763977691
3763992248
3763997572
3764063216
3764065094
3764173559
3764175782
3764181689
3764183817
3764191232
3764241256
3764246879
3764267916
3764274459
3764300596
3764310752
3764311450
3764312781
3764323550
3764324477
3764328893
3764331786
3764333630
3764336429
3764337410
3764338111
3764339130
3764342236
3764342393
3764344397
3764345458
3764349231
3764364822
3764366877
3764366878
3764368352
3764368354
3764370303
3764371985
3764376278
3764381085
3764392753
3764402258
3764419556
3764420603
3764428637
3764429208
3764482320
3764502059
3764509329
3764510174
3764556687
3764559594
3764559607
3764559783
3764559794
3764560535
3764581335
3764589705
3764593027
3764593194
3764607191
3764624424
3764639688
3764641236
3764672954
3764673970
3764675488
3764682348
3764685537
3764685814
3764686643
3764687576
3764688379
3764688630
3764689561
3764689566
3764690229
3764691092
3764691134
3764692009
3764692980
3764697339
3764701908
3764703116
3764708266
3764713614
3764744772
3764751818
3764752129
3764773325
3764779029
3764780721
3764794603
3764795475
3764801459
3764802028
3764816931
3764817006
3764927431
3764952068
3764982129
3764985044
3764997261
3764999093
3765006809
3765007294
3765009771
3765014240
3765014255
3765017553
3765018710
3765023246
3765030749
3765031252
3765031801
3765034138
3765034580
3765036458
3765037286
3765039093
3765039588
3765047609
3765049156
3765055440
3765059107
3765072933
3765073681
3765073741
3765078665
3765080045
3765083460
3765098341
3765104749
3765106432
3765127031
3765144700
3765144842
3765169968
3765183698
3765206759
3765240632
3765246169
3765253076
3765258521
3765279945
3765286482
3765286712
3765287992
3765289804
3765296443
3765296462
3765298723
3765304909
3765306596
3765307863
3765307879
3765311460
3765312854
3765313627
3765313632
3765313633
3765313638
3765313659
3765313661
3765313663
3765313664
3765313666
3765314653
3765314661
3765314664
3765314665
3765314670
3765314673
3765314675
3765314677
3765314679
3765314682
3765314689
3765314692
3765314717
3765314718
3765314719
3765314720
3765314722
3765315132
3765315475
3765315477
3765315482
3765315487
3765315490
3765315496
3765315501
3765315502
3765315504
3765315505
3765315523
3765315525
3765316430
3765316434
3765316438
3765316439
3765316445
3765316446
3765316447
3765316451
3765316467
3765316468
3765316470
3765316472
3765317337
3765317339
3765317340
3765317347
3765317348
3765317363
3765317364
3765317369
3765317370
3765317371
3765317394
3765317397
3765317399
3765317400
3765318268
3765318274
3765318276
3765318279
3765318282
3765318289
3765318290
3765318293
3765318297
3765318312
3765318315
3765318316
3765318317
3765318318
3765319263
3765319266
3765319277
3765319279
3765319288
3765319289
3765319293
3765319294
3765319312
3765319315
3765320171
3765320172
3765320183
3765320206
3765320944
3765321105
3765327911
3765331876
3765338442
3765338444
3765338445
3765338469
3765340077
3765340212
3765340218
3765340304
3765342122
3765342136
3765342163
3765342245
3765343124
3765343814
3765344059
3765345023
3765356379
3765370399
3765372310
3765382596
3765382673
3765385439
3765385556
3765385569
3765385575
3765386050
3765387217
3765387233
3765388134
3765390043
3765460002
3765463130
3765475433
3765500045
3765501636
3765502260
3765503046
3765503251
3765551275
3765552618
3765553232
3765554234
3765570767
3765580132
3765586636
3765591603
3765596509
3765597459
3765609897
3765613304
3765613311
3765614182
3765630231
3765630266
3765643745
3765645085
3765646333
3765652529
3765654518
3765657529
3765662030
3765679870
3765683309
3765685130
3765707463
3765709187
3765714854
3765718234
3765724054
3765734353
3765737325
3765748831
3765751554
3765751555
3765773441
3765783608
3765803743
3765810940
3765815768
3765836015
3765892816
3765894294
3765897022
3765912561
3765913628
3765916190
3765916193
3765919018
3765920080
3765949965
3765953625
3765959136
3765959176
3765967684
3765967711
3765968496
3765972012
3765972231
3765974036
3765974062
3765985896
3765988794
3765993099
3765997163
3766002514
3766008539
3766009866
3766015299
3766016312
3766016715
3766020980
3766022373
3766024688
3766036148
3766036961
3766037399
3766043627
3766049096
3766049742
3766051975
3766054622
3766057593
3766057914
3766058210
3766060682
3766061762
3766062331
3766062366
3766065308
3766075244
3766086422
3766086497
3766090515
3766090838
3766093630
3766094510
3766095218
3766095677
3766098249
3766104439
3766106277
3766107000
3766108435
3766110616
3766115457
3766116008
3766122689
3766122948
3766124706
3766126651
3766128917
3766131133
3766133733
3766137889
3766138741
3766144449
3766146057
3766146103
3766146109
3766146954
3766147923
3766151893
3766163403
3766164893
3766165985
3766174487
3766175151
3766176699
3766184280
3766192044
3766195999
3766198616
3766198864
3766219857
3766221642
3766223290
3766225095
3766225104
3766225163
3766237587
3766249627
3766250587
3766268178
3766274195
3766280999
3766281879
3766287108
3766293905
3766299165
3766300723
3766301032
3766305902
3766305944
3766307199
3766307912
3766313570
3766314066
3766314383
3766314611
3766318369
3766321963
3766322673
3766324560
3766324730
3766324784
3766325221
3766325691
3766329061
3766331473
3766333147
3766347997
3766354216
3766354952
3766356279
3766358645
3766362609
3766363040
3766364003
3766366830
3766368586
3766368589
3766369368
3766369852
3766370328
3766370330
3766370688
3766370844
3766371130
3766371131
3766371133
3766371500
3766372039
3766372324
3766372564
3766374351
3766374353
3766374354
3766374357
3766374358
3766375194
3766375959
3766375960
3766375961
3766375963
3766376129
3766377418
3766378390
3766379142
3766379143
3766380092
3766382059
3766387654
3766388698
3766400528
3766402317
3766404075
3766404081
3766404172
3766405039
3766405463
3766407147
3766408718
3766409789
3766410425
3766410511
3766410699
3766410853
3766410886
3766412501
3766413127
3766413611
3766413612
3766414248
3766415075
3766416665
3766417106
3766417540
3766417998
3766420768
3766421272
3766423005
3766424217
3766434811
3766435743
3766440529
3766443416
3766453935
3766454504
3766457462
3766458418
3766460972
3766464898
3766465319
3766467119
3766468824
3766469175
3766470365
3766470444
3766472296
3766473991
3766474083
3766474986
3766475374
3766475780
3766475931
3766477835
3766477836
3766477837
3766478335
3766479361
3766479364
3766479365
3766480240
3766481118
3766482013
3766482018
3766482064
3766482067
3766482069
3766482087
3766482108
3766490927
3766507348
3766511775
3766529234
3766545952
3766551158
3766557149
3766610607
3766617506
3766619355
3766620096
3766628928
3766629299
3766631396
3766633325
3766633364
3766633455
3766634687
3766635293
3766635339
3766652514
3766659502
3766664803
3766667183
3766667239
3766667828
3766668092
3766668104
3766668578
3766668715
3766669095
3766670010
3766671040
3766671411
3766676659
3766676903
3766687896
3766689608
3766690019
3766690101
3766699900
3766700499
3766712575
3766715902
3766716006
3766737998
3766750518
3766761262
3766782510
3766786095
3766786752
3766788112
3766796983
3766798697
3766799117
3766803071
3766824773
3766831122
3766834753
3766841756
3766844620
3766845834
3766847287
3766849119
3766852115
3766852357
3766855411
3766857963
3766858703
3766862081
3766862233
3766863633
3766865959
3766866803
3766867597
3766867767
3766867919
3766867951
3766868745
3766868755
3766870084
3766870165
3766871614
3766872673
3766873045
3766873368
3766886073
3766887017
3766887603
3767005377
3767009114
3767010330
3767019100
3767022796
3767024008
3767027075
3767032050
3767041127
3767042390
3767042409
3767043260
3767045324
3767054629
3767056529
3767056560
3767060044
3767062173
3767064067
3767064228
3767065887
3767066430
3767068346
3767069767
3767087933
3767088514
3767091677
3767094300
3767095027
3767096431
3767096890
3767098321
3767104768
3767117516
3767119143
3767121430
3767123214
3767128193
3767130870
3767130933
3767132602
3767132661
3767133808
3767134496
3767134542
3767134559
3767134955
3767135805
3767135898
3767136237
3767136699
3767136751
3767136951
3767137064
3767137065
3767138229
3767138430
3767138432
3767138569
3767139026
3767139276
3767140002
3767141051
3767142010
3767145997
3767149085
3767149305
3767149472
3767149769
3767162972
3767165873
3767166118
3767169703
3767171098
3767172079
3767173398
3767177152
3767179558
3767184536
3767187128
3767194434
3767203255
3767205939
3767211425
3767212172
3767215099
3767215561
3767221891
3767224583
3767226906
3767228043
3767228068
3767229274
3767230162
3767232732
3767236066
3767236537
3767237081
3767237272
3767237819
3767238552
3767239787
3767240440
3767240908
3767240909
3767241464
3767241471
3767241755
3767241913
3767243466
3767246072
3767246165
3767246924
3767247454
3767248055
3767248638
3767253623
3767254020
3767256736
3767257455
3767257498
3767257689
3767258385
3767258750
3767259255
3767261056
3767267736
3767267749
3767268809
3767268972
3767270586
3767271778
3767272367
3767274415
3767274840
3767275522
3767275579
3767276056
3767276866
3767277016
3767277304
3767277499
3767277506
3767278864
3767280044
3767280624
3767281046
3767281047
3767281241
3767282199
3767282922
3767291358
3767292523
3767309287
3767310632
3767311665
3767322596
3767326045
3767330536
3767341070
3767341783
3767352782
3767356424
3767367126
3767370440
3767389725
3767394263
3767404998
3767408820
3767409469
3767410069
3767410719
3767411726
3767416074
3767417534
3767424999
3767425971
3767427912
3767428842
3767432437
3767434084
3767438435
3767438697
3767441252
3767447151
3767447751
3767448693
3767451481
3767453134
3767453925
3767457319
3767459401
3767464716
3767466462
3767467406
3767468376
3767469318
3767470067
3767471524
3767472439
3767509675
3767601893
3767615287
3767617317
3767620305
3767621250
3767622406
3767629926
3767634105
3767636636
3767645718
3767646339
3767646609
3767649526
3767676908
3767677811
3767677915
3767678873
3767678941
3767681366
3767684027
3767692708
3767702951
3767703650
3767715652
3767723630
3767732017
3767732018
3767739083
3767747794
3767749525
3767762432
3767767791
3767782439
3767814181
3767833695
3767840654
3767846719
3767847485
3767847691
3767849866
3767850291
3767850640
3767851976
3767852311
3767852451
3767858663
3767859534
3767859600
3767869462
3767872256
3767876736
3767878365
3767888865
3767890006
3767894512
3767909031
3767912134
3767914846
3767915094
3767931227
3767960873
3767960888
3767965642
3767967398
3767969813
3767970161
3767972490
3767998054
3768100500
3768108884
3768110346
3768112059
3768114736
3768115042
3768117516
3768118214
3768118216
3768119028
3768124858
3768127795
3768138417
3768140145
3768146292
3768152021
3768155934
3768155940
3768156843
3768157717
3768158742
3768159373
3768159401
3768161433
3768161486
3768162502
3768163100
3768163196
3768163906
3768163991
3768167537
3768168919
3768171939
3768172861
3768173336
3768183470
3768184349
3768186986
3768188930
3768189161
3768190565
3768191247
3768195832
3768197764
3768198483
3768208679
3768242606
3768262684
3768265262
3768270947
3768273427
3768279339
3768281143
3768281207
3768282031
3768282035
3768284017
3768292493
3768295602
3768304221
3768315021
3768322503
3768329287
3768334627
3768335983
3768345537
3768346436
3768351296
3768351921
3768354347
3768363385
3768366378
3768429977
3768436084
3768438025
3768438159
3768438703
3768440693
3768441987
3768442437
3768444001
3768445062
3768447451
3768451758
3768453312
3768453872
3768457194
3768459109
3768460711
3768468621
3768469713
3768470164
3768471705
3768472556
3768475063
3768476130
3768476514
3768476743
3768477403
3768477466
3768477709
3768480908
3768481867
3768482237
3768483150
3768483749
3768484042
3768484248
3768486014
3768486956
3768487002
3768487003
3768487565
3768487884
3768489989
3768490886
3768491368
3768491689
3768491902
3768492278
3768492327
3768492766
3768494668
3768496199
3768496616
3768498364
3768500029
3768521581
3768546520
3768596542
3768600217
3768604925
3768606868
3768610094
3768612981
3768615932
3768617222
3768617284
3768618087
3768621127
3768628429
3768637453
3768638595
3768639499
3768639978
3768641245
3768641386
3768651628
3768651769
3768653943
3768655583
3768656418
3768663793
3768663993
3768665967
3768668545
3768668655
3768668776
3768669668
3768669888
3768669904
3768672445
3768673055
3768673095
3768675430
3768675931
3768679628
3768680002
3768681268
3768681873
3768683365
3768693894
3768697555
3768699760
3768699984
3768800686
3768800765
3768800791
3768800802
3768801590
3768801687
3768801806
3768801829
3768802637
3768802841
3768803462
3768803685
3768805301
3768805440
3768805750
3768806044
3768807024
3768808742
3768810217
3768811381
3768817375
3768818377
3768818554
3768820161
3768822931
3768824729
3768824890
3768825383
3768825639
3768825641
3768825816
3768825915
3768826554
3768826741
3768827153
3768827582
3768827586
3768828149
3768829274
3768829276
3768830096
3768830118
3768831642
3768831661
3768834306
3768836466
3768837956
3768837994
3768837996
3768838351
3768838668
3768838941
3768838978
3768840429
3768842300
3768842314
3768842337
3768842614
3768842621
3768843247
3768843555
3768843560
3768844040
3768844041
3768844051
3768845346
3768848839
3768849958
3768850747
3768850761
3768851705
3768854077
3768854078
3768855071
3768855072
3768857050
3768868388
3768871010
3768877740
3768880388
3768880754
3768883123
3768884166
3768884384
3768885816
3768886261
3768887724
3768889555
3768892475
3768892912
3768893736
3768895264
3768896791
3768899032
3768900695
3768901276
3768903136
3768978874
3768978918
3768978919
3768978920
3768979959
3768980926
3768981565
3768981701
3768982430
3768984097
3768984140
3768985019
3768996034
3769106096
3769106238
3769107082
3769108889
3769109511
3769110346
3769111264
3769113030
3769113031
3769114664
3769115484
3769115489
3769118077
3769118159
3769145646
3769164600
3769182248
3769195029
3769302715
3769317898
3769404838
3769414726
3769427323
3769430115
3769457704
3769457705
3769457706
3769458636
3769461368
3769463116
3769475657
3769492807
3769499571
3769754863
3769754892
3769755081
3769757446
3769761803
3769762915
3769763730
3769835341
3769855761
3769860044
3769862725
3769888023
3769889496
3769901958
3769961661
3769961690
3769962564
3769963387
3769965205
3769973500
3769977402
3769979115
3769979479
3769980282
3769982778
3769983694
3769984156
3770007243
3770027846
3770030308
3770034972
3770036822
3770036857
3770037361
3770039222
3770039345
3770043530
3770045253
3770203215
3770212640
3770226413
3770228481
3770231150
3770232213
3770233582
3770235911
3770236298
3770237225
3770271617
3770292408
3770293148
3770309391
3770339289
3770349436
3770380534
3770402849
3770418920
3770420802
3770434661
3770435550
3770435769
3770436166
3770436738
3770436741
3770441276
3770443225
3770443557
3770443611
3770445399
3770446543
3770447436
3770452037
3770456886
3770460350
3770465720
3770466352
3770466563
3770476823
3770477161
3770483447
3770485680
3770486504
3770488148
3770488982
3770489493
3770490981
3770493844
3770494466
3770500840
3770504494
3770505590
3770507319
3770507930
3770508763
3770509488
3770510031
3770510915
3770511664
3770515030
3770516003
3770520980
3770525203
3770535339
3770539370
3770544401
3770545069
3770545197
3770545622
3770546263
3770548117
3770548462
3770550616
3770550657
3770552164
3770552540
3770553126
3770554630
3770555650
3770558624
3770584508
3770603151
3770616908
3770619176
3770621034
3770621136
3770623369
3770623477
3770625262
3770629842
3770634318
3770637990
3770638974
3770640236
3770644674
3770645935
3770646511
3770653847
3770661822
3770662925
3770666489
3770670183
3770671646
3770673997
3770674376
3770674882
3770676645
3770679409
3770680064
3770680305
3770682314
3770683578
3770685289
3770685346
3770686729
3770687399
3770688134
3770689440
3770690399
3770692058
3770693629
3770694649
3770695940
3770700810
3770701389
3770706816
3770709729
3770714073
3770714218
3770724043
3770724338
3770726194
3770726215
3770734619
3770740918
3770741540
3770743633
3770747473
3770751813
3770753977
3770755492
3770756502
3770756789
3770758503
3770761309
3770762565
3770764212
3770772171
3770772231
3770774638
3770779914
3770780289
3770780489
3770782112
3770782646
3770782732
3770782750
3770783880
3770783936
3770784912
3770785618
3770785756
3770785771
3770786405
3770786423
3770786475
3770786657
3770787149
3770787277
3770788508
3770789258
3770789904
3770790106
3770790208
3770790277
3770790336
3770790731
3770791085
3770792074
3770792720
3770793046
3770794032
3770794845
3770795096
3770795142
3770795561
3770795679
3770796827
3770796864
3770797018
3770797673
3770799824
3770799924
3770802315
3770803185
3770803405
3770803487
3770803647
3770804225
3770805050
3770807089
3770808990
3770809731
3770811853
3770813306
3770813307
3770813863
3770814274
3770815000
3770815077
3770815351
3770816544
3770816588
3770818448
3770819566
3770820660
3770821186
3770821373
3770824593
3770825864
3770826442
3770837566
3770855595
3770858344
3770864054
3770867180
3770870077
3770882835
3770893679
3770947407
3770948021
3770955023
3771000900
3771004487
3771005161
3771005163
3771007081
3771007417
3771010810
3771013396
3771014296
3771014615
3771014837
3771015239
3771015371
3771015617
3771016719
3771017347
3771018387
3771018995
3771020469
3771024065
3771026651
3771027579
3771028117
3771056713
3771061713
3771062380
3771073970
3771079338
3771080983
3771083660
3771087042
3771087232
3771145905
3771148908
3771149949
3771151484
3771153224
3771155702
3771156368
3771156783
3771156800
3771160100
3771160818
3771163352
3771163425
3771165822
3771170716
3771170795
3771171136
3771173221
3771174212
3771177873
3771181143
3771181249
3771183293
3771186292
3771188721
3771188759
3771188766
3771189577
3771189646
3771189681
3771189683
3771190654
3771190656
3771190694
3771191395
3771191629
3771192703
3771194071
3771194111
3771195126
3771195127
3771196970
3771197416
3771198693
3771200145
3771201036
3771204422
3771206767
3771207570
3771208221
3771208967
3771209203
3771209244
3771209738
3771209893
3771210713
3771211016
3771211205
3771211236
3771211563
3771213281
3771213654
3771216242
3771216916
3771217683
3771218647
3771218918
3771219586
3771219624
3771222095
3771222921
3771223171
3771223516
3771224194
3771226442
3771227552
3771228563
3771229346
3771229535
3771230380
3771253629
3771258112
3771258117
3771262126
3771268651
3771268717
3771268778
3771269593
3771271623
3771271694
3771273582
3771275017
3771280952
3771281772
3771282296
3771286505
3771286717
3771288783
3771288816
3771288819
3771288820
3771289663
3771289665
3771291385
3771292272
3771292958
3771293068
3771293070
3771293792
3771293794
3771293800
3771293839
3771294039
3771294382
3771294759
3771294762
3771295174
3771295658
3771295754
3771296516
3771296518
3771297192
3771298106
3771298205
3771299159
3771303022
3771305770
3771307511
3771310117
3771318966
3771319258
3771319860
3771319862
3771319899
3771320707
3771320760
3771321568
3771321572
3771321971
3771321972
3771321973
3771321974
3771322692
3771322696
3771323623
3771323626
3771323847
3771324193
3771324596
3771324597
3771325051
3771325052
3771325060
3771325446
3771325450
3771325759
3771326259
3771326368
3771326369
3771326856
3771327242
3771327245
3771327246
3771328100
3771328102
3771328103
3771328104
3771328346
3771330157
3771330353
3771332091
3771332188
3771332298
3771333133
3771350964
3771352878
3771359042
3771378928
3771394782
3771396515
3771398242
3771398324
3771399429
3771399464
3771399538
3771399730
3771463946
3771500551
3771500726
3771501139
3771501230
3771501395
3771501543
3771503379
3771503730
3771503814
3771504654
3771505533
3771506596
3771507345
3771508579
3771508607
3771508615
3771509034
3771509261
3771509625
3771513121
3771514106
3771514173
3771514467
3771517196
3771521086
3771521276
3771523077
3771523131
3771533561
3771537611
3771543621
3771547992
3771562857
3771563851
3771563979
3771563987
3771564794
3771564880
3771565667
3771565682
3771565711
3771566373
3771566419
3771566430
3771566488
3771566493
3771566792
3771567023
3771567396
3771567468
3771567471
3771568124
3771568567
3771568568
3771569107
3771569163
3771569416
3771570019
3771570275
3771570985
3771571152
3771571418
3771571468
3771571477
3771571949
3771572178
3771572926
3771572955
3771573764
3771573771
3771573798
3771573822
3771574058
3771574090
3771574096
3771574688
3771574711
3771575282
3771576309
3771577055
3771577183
3771577192
3771577225
3771578111
3771578115
3771579098
3771586843
3771586849
3771586940
3771589166
3771589845
3771589948
3771590747
3771593051
3771597900
3771598665
3771600099
3771628990
3771629956
3771631408
3771636398
3771637261
3771690709
3771693066
3771695679
3771695751
3771695885
3771696609
3771697045
3771697624
3771697625
3771697626
3771697627
3771697664
3771698530
3771698541
3771698542
3771699249
3771699444
3771699446
3771700412
3771700416
3771700417
3771700430
3771700441
3771700454
3771701298
3771701305
3771701307
3771701308
3771701313
3771701325
3771701921
3771702081
3771702098
3771702101
3771703018
3771703229
3771705281
3771705970
3771713013
3771721339
3771727671
3771735626
3771735781
3771741846
3771743158
3771743674
3771744316
3771745208
3771745240
3771746759
3771747680
3771748670
3771749489
3771750992
3771752168
3771752488
3771752549
3771752722
3771754512
3771755337
3771755363
3771755480
3771762260
3771762849
3771763959
3771765249
3771765685
3771765784
3771765794
3771767521
3771769000
3771769978
3771770652
3771770763
3771771772
3771771826
3771774150
3771776619
3771777034
3771777703
3771777727
3771778451
3771778749
3771779183
3771780085
3771781377
3771782579
3771783116
3771783525
3771788124
3771788255
3771791498
3771798247
3771802443
3771803174
3771803897
3771807701
3771807880
3771808998
3771809324
3771810226
3771810382
3771810862
3771810872
3771811857
3771812431
3771813343
3771813561
3771821982
3771822480
3771823221
3771824348
3771825120
3771825266
3771825268
3771825605
3771827177
3771827563
3771828087
3771828146
3771831401
3771839931
3771840503
3771841498
3771843462
3771844386
3771844694
3771845338
3771869671
3771871370
3771871977
3771874171
3771875737
3771888729
3771939862
3771939864
3771942627
3771946438
3771952077
3772068134
3772069825
3772071353
3772071354
3772090308
3772093292
3772183747
3772235219
3772302083
3772311166
3772339748
3772390225
3772400642
3772402020
3772509680
3772511428
3772512517
3772514108
3772514157
3772514807
3772515080
3772516140
3772516220
3772517005
3772518862
3772551822
3772557265
3772562488
3772571234
3772728249
3772728789
3772745539
3772774656
3772780314
3772802411
3772810241
3772815007
3772863450
3772863451
3772881296
3772884633
3772885289
3772999756
3773119776
3773124065
3773168128
3773171819
3773187296
3773187327
3773209939
3773275997
3773277751
3773279437
3773279455
3773279889
3773281076
3773283437
3773295638
3773408463
3773408834
3773411176
3773444469
3773452989
3773462398
3773483203
3773483568
3773895367
3774002044
3774813233
3774886529
3775929256
3775929426
3775930748
3775931127
3775933320
3775933501
3775938215
3775938220
3775942029
3775942941
3775943947
3775944140
3775945370
3775947426
3775948264
3775952895
3775955932
3775956540
3775957789
3775958677
3775959856
3775960174
3775961177
3775968930
3775969587
3775969591
3775970317
3775970519
3775970724
3775970760
3775970870
3775971462
3775972068
3775973201
3775974025
3775974181
3775976026
3775976721
3775982825
3775983319
3775995487
3775997726
3776086985
3776327178
3776600300
3776600326
3776600631
3776602293
3776602452
3776604224
3776605760
3776606286
3776606301
3776609087
3776612561
3776614345
3776618484
3776618780
3776620226
3776620298
3776620551
3776622161
3776622654
3776622974
3776624290
3776624630
3776624807
3776624947
3776626118
3776626200
3776627204
3776627368
3776627707
3776627732
3776628046
3776628564
3776628701
3776628954
3776628999
3776629281
3776629330
3776629365
3776631323
3776631984
3776632435
3776632537
3776632730
3776633161
3776633465
3776634233
3776636198
3776637506
3776638284
3776638606
3776638988
3776639609
3776640440
3776640599
3776640712
3776640742
3776641612
3776641631
3776642296
3776643264
3776643319
3776643441
3776643547
3776643685
3776643821
3776644027
3776644516
3776644655
3776646232
3776646727
3776647212
3776647493
3776648564
3776649019
3776649326
3776649534
3776649711
3776650724
3776651281
3776652229
3776652451
3776652517
3776653410
3776653447
3776654039
3776654339
3776654828
3776655515
3776655694
3776656236
3776657110
3776657138
3776657421
3776658188
3776658197
3776659064
3776661021
3776663813
3776674909
3776676909
3776677589
3776677984
3776680211
3776684890
3776684904
3776684940
3776687401
3776687721
3776688521
3776688977
3776690231
3776690506
3776690517
3776691554
3776692866
3776693053
3776694319
3776695138
3777000085
3777001035
3777002856
3777003939
3777004456
3777004477
3777004826
3777005731
3777006188
3777007061
3777007940
3777008346
3777009057
3777010869
3777010879
3777010911
3777011590
3777011823
3777012073
3777012807
3777012847
3777012943
3777013695
3777013842
3777013866
3777013878
3777013880
3777014599
3777015234
3777015301
3777015394
3777016179
3777016181
3777016182
3777017078
3777017230
3777017251
3777017577
3777017581
3777018145
3777018973
3777019994
3777020567
3777020595
3777022917
3777022989
3777022998
3777023716
3777023758
3777023824
3777023825
3777023826
3777023960
3777024079
3777024593
3777025019
3777025565
3777025566
3777026205
3777026462
3777026526
3777027228
3777027229
3777027893
3777027914
3777028893
3777028898
3777029121
3777029181
3777029182
3777029791
3777030129
3777031019
3777035091
3777036231
3777036688
3777036924
3777036980
3777039848
3777040424
3777040855
3777042258
3777042393
3777042402
3777042403
3777043294
3777043327
3777043364
3777043379
3777043380
3777043382
3777043388
3777043389
3777044163
3777044164
3777044222
3777044232
3777045036
3777045096
3777045211
3777046346
3777046599
3777047497
3777047836
3777048382
3777048851
3777049134
3777049935
3777050867
3777050872
3777050889
3777051359
3777051695
3777051696
3777052349
3777052685
3777052704
3777052708
3777053198
3777053577
3777053579
3777053582
3777053592
3777054382
3777054390
3777054393
3777055152
3777055353
3777055354
3777055360
3777055362
3777055375
3777055376
3777056097
3777056284
3777056291
3777057028
3777057197
3777057198
3777057206
3777057216
3777057219
3777057222
3777057224
3777057225
3777057231
3777058117
3777058137
3777058139
3777060910
3777063560
3777063807
3777063892
3777064496
3777064759
3777064813
3777065787
3777066580
3777066798
3777067277
3777067389
3777068573
3777068735
3777068877
3777069505
3777069868
3777069955
3777070492
3777070526
3777070745
3777070827
3777070830
3777071261
3777071679
3777073018
3777073533
3777073537
3777074083
3777074219
3777074305
3777076349
3777076377
3777078699
3777078732
3777079643
3777079751
3777080567
3777081031
3777081431
3777081714
3777082316
3777082577
3777083188
3777083752
3777084262
3777085115
3777085422
3777085618
3777085624
3777085730
3777086447
3777086549
3777086642
3777086779
3777086864
3777087043
3777087370
3777087592
3777087604
3777088163
3777088213
3777088550
3777088728
3777088774
3777089120
3777089156
3777089390
3777089508
3777089572
3777089788
3777090024
3777090058
3777090320
3777090413
3777090443
3777091034
3777091090
3777091095
3777091268
3777091622
3777092001
3777092055
3777092460
3777092481
3777093567
3777094014
3777094269
3777094931
3777094945
3777095018
3777095261
3777095307
3777095757
3777095970
3777095992
3777096026
3777096102
3777096342
3777096701
3777096703
3777096706
3777096721
3777096820
3777096972
3777097544
3777097561
3777097589
3777098549
3777098652
3777098731
3777098885
3777099268
3777301069
3777301072
3777301095
3777301253
3777302056
3777302250
3777302265
3777302297
3777302341
3777302429
3777302465
3777302478
3777302573
3777303031
3777303177
3777303201
3777303298
3777303500
3777303506
3777303660
3777303690
3777304482
3777304502
3777306089
3777307094
3777308034
3778010439
3778320392
3778660947
3779092009
3779620776
3779628086
3779629739
3779635185
3779643937
3779647803
3779652137
3779653978
3779654162
3779655078
3779658140
3779659735
3779660468
3779662536
3779665064
3779674990
3779677921
3779678916
3779679828
3779679842
3779680717
3779681542
3779682450
3779683245
3779684187
3779685165
3779687916
3779688638
3779697775
3779699733
3779800121
3779811212
3779811336
3779813446
3779820698
3779821715
3779821746
3779822309
3779823615
3779824867
3779825461
3779825769
3779825797
3779828159
3779828271
3779830121
3779830390
3779831107
3779832108
3779832341
3779833341
3779834213
3779834471
3779835972
3779837713
3779841487
3779842725
3779843601
3779850657
3779851136
3779851304
3779852992
3779854101
3779854109
3779854114
3779854501
3779854665
3779860203
3779869365
3779870609
3779878063
3779883256
3779885092
3779885700
3779889367
3779896961
3780202495
3780202945
3780205439
3780206225
3780207017
3780209003
3780209434
3780209634
3780215053
3780216278
3780220036
3780221063
3780222862
3780223706
3780223738
3780223837
3780224452
3780224482
3780224493
3780226183
3780227261
3780228968
3780230378
3780235100
3780237433
3780238788
3780238849
3780241968
3780244218
3780244399
3780245433
3780246186
3780246234
3780246657
3780246708
3780247217
3780250899
3780255345
3780261327
3780288883
3780291695
3780292341
3780295872
3780295873
3780296114
3780297126
3780297771
3780298831
3780299533
3780300156
3780301336
3780303863
3780304090
3780304140
3780305072
3780306670
3780306815
3780306992
3780307264
3780307396
3780307449
3780307656
3780307700
3780307897
3780308794
3780309411
3780309522
3780309531
3780309788
3780310170
3780310416
3780312342
3780313215
3780314860
3780316074
3780318984
3780319173
3780320675
3780322218
3780322309
3780323621
3780323651
3780327909
3780330547
3780336435
3780343448
3780345541
3780346447
3780346624
3780346625
3780346658
3780347536
3780350093
3780350095
3780350498
3780354998
3780356740
3780360105
3780360115
3780360116
3780360318
3780361073
3780361626
3780361628
3780361835
3780362114
3780364579
3780365821
3780366530
3780366931
3780367287
3780368435
3780368454
3780370265
3780370266
3780371085
3780372032
3780372702
3780375759
3780375886
3780382593
3780386857
3780387948
3780389431
3780390106
3780390349
3780392349
3780393154
3780394172
3780395560
3780395935
3780395938
3780396514
3780396744
3780396824
3780396833
3780398780
3780399347
3780399739
3780700216
3780701770
3780702029
3780702107
3780703024
3780704043
3780705904
3780706792
3780706900
3780706981
3780706990
3780707567
3780708566
3780708571
3780708799
3780711060
3780711154
3780711340
3780711426
3780712363
3780712803
3780713179
3780713955
3780714526
3780714834
3780715104
3780715123
3780715211
3780715943
3780716294
3780716305
3780716549
3780716813
3780717114
3780717326
3780717522
3780717548
3780717644
3780717854
3780718130
3780718235
3780719393
3780719438
3780719766
3780720107
3780720261
3780721211
3780721233
3780721249
3780721382
3780721621
3780722044
3780722075
3780722250
3780722473
3780723027
3780723106
3780723191
3780724171
3780725035
3780726082
3780727856
3780734261
3780737316
3780739535
3780739763
3780741369
3780741371
3780742038
3780742414
3780743086
3780743286
3780744690
3780744954
3780746556
3780747023
3780747295
3780748106
3780748544
3780750871
3780754146
3780755054
3780756620
3780758286
3780762053
3780762056
3780766898
3780768168
3780771663
3780773326
3780773879
3780776349
3780777018
3780777746
3780778158
3780778430
3780778760
3780779320
3780781999
3780783061
3780784648
3780826853
3780833589
3780835816
3780837967
3780838892
3780839459
3780839750
3780840930
3780841320
3780843165
3780843175
3780865610
3780866581
3780868892
3780869264
3780872478
3780873218
3780873656
3780874082
3780874574
3780876327
3781203943
3781204799
3781206576
3781209036
3781220202
3781231848
3781247689
3781248885
3781250585
3781251509
3781251515
3781251528
3781251789
3781251791
3781252396
3781252397
3781253194
3781253196
3781253197
3781254074
3781254075
3781255086
3781255087
3781255088
3781255102
3781256060
3781256061
3781256374
3781267623
3781270227
3781520477
3781525842
3781526138
3781527757
3781531092
3781533561
3781537063
3781537065
3781543310
3781545077
3781560995
3781562768
3781563493
3781563503
3781564381
3781564382
3781567065
3781567074
3781567076
3781582925
3781582930
3781582944
3781582947
3781582971
3781582986
3781583865
3781583869
3781583943
3781584755
3781584773
3781584776
3781584853
3781584916
3781585650
3781585661
3781585666
3781585674
3781586551
3781586565
3781587217
3781587221
3781587233
3781587236
3781587238
3781587256
3781587352
3781588098
3781588125
3781588138
3781588168
3781588225
3781589046
3781589048
3781589049
3781589053
3781589055
3781590021
3781592086
3781593017
3781598997
3781603258
3781605938
3781613782
3781615021
3781628908
3781640769
3781647207
3781648754
3781648861
3781651181
3781660408
3781662406
3781662725
3781665567
3781666207
3781666407
3781668001
3781670999
3781673958
3781674707
3781674737
3781674765
3781674792
3781674822
3781674968
3781675459
3781675481
3781675642
3781675886
3781676411
3781676431
3781676507
3781677378
3781678044
3781679004
3781679005
3781679009
3781679013
3781679097
3781680006
3781680021
3781680049
3781680078
3781680087
3781680095
3781688626
3781690366
3781694920
3781696781
3781698827
3781699634
3781900309
3781900880
3781901492
3781901950
3781905156
3781905573
3781905620
3781906104
3781906435
3781906786
3781908019
3781909255
3781910424
3781912067
3781914145
3781916656
3781917001
3781918100
3781919482
3781920042
3781920055
3781921584
3781922152
3781922854
3781931487
3781933543
3781933544
3781935144
3781936031
3781936091
3781936093
3781937116
3781941504
3781941817
3781944670
3781944788
3781945744
3781946727
3781947188
3781947309
3781947383
3781947458
3781948097
3781948454
3781949086
3781949781
3781950210
3781950215
3781951073
3781956687
3781956761
3781957666
3781958538
3781960084
3781960339
3781962011
3781962089
3781965531
3781966749
3781966784
3781966912
3781967025
3781967597
3781967632
3781967675
3781967904
3781968271
3781968911
3781968958
3781969395
3781969575
3781969764
3781969939
3781969940
3781970301
3781970498
3781970556
3781970828
3781971290
3781971357
3781971388
3781971407
3781971536
3781971557
3781971732
3781972029
3781972254
3781972645
3781972961
3781973118
3781973449
3781974289
3781975177
3781975418
3781976430
3781977110
3781986412
3781990889
3781993933
3781994742
3781994743
3781994750
3781994751
3781994773
3781995133
3781995378
3781995686
3781996647
3781997922
3781998462
3781999504
3782100192
3782100702
3782100970
3782101364
3782101815
3782101916
3782102160
3782102622
3782102740
3782102744
3782102752
3782103513
3782103524
3782103530
3782104006
3782104513
3782105418
3782105429
3782106079
3782106208
3782107109
3782107243
3782108080
3782113886
3782113922
3782113931
3782114750
3782114753
3782115725
3782115803
3782117517
3782117521
3782117529
3782117531
3782117532
3782118372
3782118379
3782118382
3782119158
3782119167
3782119175
3782120524
3782122759
3782124156
3782124466
3782125280
3782127579
3782129114
3782131364
3782131587
3782134458
3782135925
3782136008
3782136096
3782137321
3782139076
3782139191
3782139704
3782143123
3782150315
3782152697
3782154372
3782155982
3782155984
3782157138
3782162038
3782170899
3782171611
3782172723
3782172916
3782172947
3782173711
3782174740
3782175328
3782175670
3782177228
3782178010
3782180074
3782181708
3782184615
3782186287
3782189652
3782197986
3782197998
3782198966
3782198974
3782198985
3782199626
3782199725
3782199726
3782300360
3782300607
3782301384
3782302327
3782302333
3782303305
3782304049
3782304236
3782304253
3782305476
3782310567
3782311977
3782316329
3782319875
3782320681
3782320879
3782321517
3782321679
3782323436
3782324125
3782324326
3782325327
3782326164
3782330984
3782331917
3782331992
3782332927
3782332946
3782333762
3782335884
3782336532
3782337401
3782339155
3782339224
3782339318
3782340489
3782340938
3782341130
3782341863
3782342215
3782342639
3782343682
3782343861
3782344611
3782344708
3782344892
3782347177
3782347215
3782348464
3782348532
3782348885
3782349037
3782349156
3782349891
3782350229
3782350602
3782351547
3782352424
3782352476
3782352899
3782354039
3782354750
3782355421
3782356400
3782357133
3782360164
3782360431
3782361074
3782361446
3782365911
3782368391
3782373702
3782375819
3782376289
3782377697
3782378900
3782379646
3782380662
3782381289
3782381608
3782382076
3782385122
3782385320
3782387509
3782391020
3782392080
3782393065
3782393099
3782394188
3782394207
3782396349
3782396740
3782399748
3782500568
3782500598
3782501192
3782501403
3782501428
3782501535
3782502083
3782502283
3782502860
3782503106
3782503153
3782503687
3782503907
3782503955
3782503997
3782504032
3782504627
3782505607
3782505849
3782505878
3782506028
3782507196
3782507197
3782507198
3782508256
3782508556
3782508561
3782508578
3782509057
3782509817
3782510160
3782510289
3782510701
3782510987
3782511037
3782511050
3782511212
3782515113
3782515941
3782515978
3782516003
3782516840
3782516885
3782516890
3782516893
3782516915
3782517430
3782517614
3782517656
3782517676
3782517702
3782518131
3782518542
3782518551
3782518593
3782518596
3782518716
3782518717
3782519341
3782519346
3782519352
3782519354
3782519357
3782519359
3782519401
3782519695
3782520211
3782520254
3782520268
3782520288
3782520675
3782520732
3782521250
3782522039
3782522056
3782522487
3782522735
3782523362
3782529532
3782530115
3782533755
3782539162
