3763050742
3763051523
3763052308
3763230580
3763231466
3763231469
3763310777
3763317296
3763870513
3763874055
3765313627
3765313632
3765313633
3765313638
3765313659
3765313661
3765313663
3765313664
3765313666
3765314653
3765314661
3765314664
3765314665
3765314670
3765314673
3765314675
3765314677
3765314679
3765314682
3765314689
3765314692
3765314717
3765314718
3765314719
3765314720
3765314722
3765315475
3765315477
3765315482
3765315487
3765315490
3765315496
3765315501
3765315502
3765315504
3765315505
3765315523
3765315525
3765316430
3765316434
3765316438
3765316439
3765316445
3765316446
3765316447
3765316451
3765316467
3765316468
3765316470
3765316472
3765317337
3765317339
3765317340
3765317347
3765317348
3765317363
3765317364
3765317369
3765317370
3765317371
3765317394
3765317397
3765317399
3765317400
3765318268
3765318274
3765318276
3765318279
3765318282
3765318289
3765318290
3765318293
3765318297
3765318312
3765318315
3765318317
3765318318
3765319263
3765319266
3765319277
3765319279
3765319288
3765319289
3765319293
3765319312
3765319315
3765320171
3765320172
3765320183
3765320206
3766293905
3766299165
3766366830
3766368586
3766368589
3766369368
3766370328
3766370330
3766371130
3766371131
3766371133
3766372564
3766374351
3766374353
3766374354
3766374357
3766374358
3766375194
3766375959
3766375960
3766375961
3766375963
3766377418
3766378390
3766379142
3766379143
3766380092
3766382059
3766465319
3766467119
3766844620
3766845834
3767137064
3767137065
3767184536
3767187128
3767240908
3767240909
3767281046
3767281047
3767310632
3767311665
3767447751
3767448693
3767732017
3767732018
3768117516
3768118214
3768118216
3768119028
3768171939
3768172861
3768183470
3768184349
3768480908
3768481867
3768487002
3768487003
3768489989
3768490886
3768655583
3768656418
3768693894
3768697555
3768822931
3768824729
3768825639
3768825641
3768827582
3768827586
3768829274
3768829276
3768851705
3768854077
3768854078
3768855071
3768855072
3768892912
3768893736
3769457704
3769457705
3769457706
3769458636
3770515030
3770516003
3770520980
3770525203
3770783880
3770783936
3770786405
3770786423
3771188759
3771188766
3771189681
3771189683
3771190654
3771190656
3771195126
3771195127
3771209893
3771210713
3771288816
3771288819
3771288820
3771289663
3771289665
3771291385
3771292272
3771293068
3771293070
3771293792
3771293794
3771293800
3771294759
3771294762
3771296516
3771296518
3771305770
3771307511
3771319860
3771319862
3771321568
3771321572
3771321971
3771321972
3771321973
3771321974
3771324596
3771324597
3771325051
3771325052
3771325060
3771325446
3771325450
3771326368
3771326369
3771327245
3771327246
3771328102
3771328103
3771328104
3771350964
3771352878
3771565667
3771565682
3771565711
3771566430
3771566488
3771566493
3771567396
3771567468
3771567471
3771569107
3771569163
3771569416
3771570019
3771570985
3771571152
3771571418
3771770763
3771771772
3771771826
3771774150
3771810872
3771811857
3772071353
3772071354
3773187296
3773187327
3777013878
3777013880
3777016181
3777016182
3777023825
3777023826
3777036980
3777039848
3777042402
3777042403
3777043379
3777043380
3777043382
3777044163
3777044164
3777050867
3777050872
3777050889
3777051695
3777051696
3777052704
3777052708
3777053577
3777053579
3777053582
3777053592
3777054382
3777054390
3777054393
3777055353
3777055354
3777055362
3777055375
3777055376
3777056284
3777056291
3777057197
3777057198
3777057206
3777057216
3777057219
3777057222
3777057224
3777057225
3777057231
3777058117
3777058137
3777058139
3777096703
3777096706
3780345541
3780346447
3780346658
3780347536
3780356740
3780360105
3780360115
3781250585
3781251509
3781252396
3781252397
3781253194
3781253196
3781254074
3781254075
3781255086
3781255087
3781255102
3781256060
3781256061
3781582947
3781582971
3781583869
3781583943
3781584773
3781584776
3781584916
3781585650
3781585661
3781585674
3781586551
3781586565
3781587217
3781587221
3781587238
3781587256
3781587352
3781588098
3781588125
3781588138
3781589046
3781589048
3781589049
3781589053
3781589055
3781592086
3781593017
3781936091
3781936093
3781956761
3781957666
3781960339
3781962011
3781994742
3781994743
3781994750
3781994751
3782124466
3782125280
3782152697
3782154372
